962894403256901632
962894403210809349
962894402849927168
962894402648670213
962894402606661632
962894402573209600
962894401205780480
962894401105100800
962894401079934976
962894400547360768
962894400274780160
962894400073359360
962894399394013185
962894399322632193
962894399125491721
962894399100342272
962894398877925376
962894398806781952
962894398773235712
962894398592815104
962894398580195328
962894398357950465
962894398093713408
962894398055907328
962894397758234625
962894397468823552
962894397024059392
962894396999065601
962894396608958465
962894395803611136
962894395786846209
962894395765903365
962894395396702208
